0 0 0 0 0 0 0 0 0 0 0 0 
0 0 1.706 1.938 2.3600000000000003 0 0 0 0 0 0 0 
0 1.706 0 0 0 0 0 0 0 0 0 0 
0 1.938 0 0 0 2.537 1.4060000000000001 0 0 0 0 0 
0 2.3600000000000003 0 0 0 0 1.395 1.5070000000000001 0 0 0 0 
0 0 0 2.537 0 0 0 0 0 0 0 0 
0 0 0 1.4060000000000001 1.395 0 0 0 1.313 2.674 0 0 
0 0 0 0 1.5070000000000001 0 0 0 2.7889999999999997 0 1.225 0 
0 0 0 0 0 0 1.313 2.7889999999999997 0 0 0 7.102 
0 0 0 0 0 0 2.674 0 0 0 0 0 
0 0 0 0 0 0 0 1.225 0 0 0 0 
0 0 0 0 0 0 0 0 7.102 0 0 0 
