0 0 0 0 0 0 0 0 0 0 0 0 
0 0 4.9350000000000005 2.2800000000000002 2.35 0 0 0 0 0 0 0 
0 4.9350000000000005 0 0 0 0 0 0 0 0 0 0 
0 2.2800000000000002 0 0 0 2.34 4.498 0 0 0 0 0 
0 2.35 0 0 0 0 2.2800000000000002 4.859999999999999 0 0 0 0 
0 0 0 2.34 0 0 0 0 0 0 0 0 
0 0 0 4.498 2.2800000000000002 0 0 0 2.185 3.149 0 0 
0 0 0 0 4.859999999999999 0 0 0 7.857 0 5.563000000000001 0 
0 0 0 0 0 0 2.185 7.857 0 0 0 7.201 
0 0 0 0 0 0 3.149 0 0 0 0 0 
0 0 0 0 0 0 0 5.563000000000001 0 0 0 0 
0 0 0 0 0 0 0 0 7.201 0 0 0 
