0 0 0 0 0 0 0 0 0 0 0 0 
0 0 3.841 4.198 4.296 0 0 0 0 0 0 0 
0 3.841 0 0 0 0 0 0 0 0 0 0 
0 4.198 0 0 0 4.691 3.8040000000000003 0 0 0 0 0 
0 4.296 0 0 0 0 3.665 5.0649999999999995 0 0 0 0 
0 0 0 4.691 0 0 0 0 0 0 0 0 
0 0 0 3.8040000000000003 3.665 0 0 0 3.096 4.6370000000000005 0 0 
0 0 0 0 5.0649999999999995 0 0 0 8.036 0 5.266 0 
0 0 0 0 0 0 3.096 8.036 0 0 0 4.5489999999999995 
0 0 0 0 0 0 4.6370000000000005 0 0 0 0 0 
0 0 0 0 0 0 0 5.266 0 0 0 0 
0 0 0 0 0 0 0 0 4.5489999999999995 0 0 0 
